Fr: 32317000.000000
PRF: 1256.980000
f0: 5300000000.000000
Tr: 0.000042
R0: 988647.462000
Kr: -721350000000.000000
c: 299790000.000000
